0,1,index,identifier,chunk,split
0.03787512,0.9621249,0,58,0,test
0.016567256,0.98343277,1,179,1,test
0.009713429,0.9902866,2,97,1,test
0.007115174,0.9928848,3,289,2,test
0.93669504,0.06330496,4,223,1,test
0.011494249,0.9885057,5,91,2,test
0.39476338,0.60523665,6,100,2,test
0.004997298,0.9950027,7,257,2,test
0.16671145,0.8332885,8,308,2,test
0.98322314,0.016776875,9,302,2,test
0.005028825,0.99497116,10,140,0,test
0.99385,0.0061500366,11,223,3,test
0.9846577,0.015342361,12,31,2,test
0.005564883,0.9944351,13,44,1,test
0.005462354,0.99453765,14,145,1,test
0.9907493,0.0092507,15,196,0,test
0.04789016,0.9521099,16,124,0,test
0.8770102,0.122989744,17,96,1,test
0.0969196,0.9030804,18,35,2,test
0.005222803,0.9947772,19,66,1,test
0.989233,0.01076696,20,189,1,test
0.9838358,0.01616416,21,178,2,test
0.993884,0.006115955,22,15,2,test
0.98576003,0.014239966,23,21,2,test
0.14792596,0.8520741,24,299,0,test
0.0073962165,0.99260384,25,122,1,test
0.9889819,0.011018118,26,26,2,test
0.9936714,0.006328514,27,27,1,test
0.97202367,0.027976317,28,301,1,test
0.0067581893,0.9932417,29,103,1,test
0.0072285705,0.99277145,30,282,2,test
0.9580896,0.041910432,31,333,0,test
0.15066643,0.8493336,32,139,0,test
0.005051814,0.99494815,33,222,1,test
0.09655753,0.9034425,34,231,2,test
0.0063838367,0.9936161,35,182,2,test
0.98921704,0.0107830055,36,141,2,test
0.9246388,0.07536122,37,10,0,test
0.0051065725,0.99489343,38,259,1,test
0.008075173,0.9919248,39,111,1,test
0.0050544636,0.9949456,40,292,2,test
0.0058152983,0.9941847,41,265,0,test
0.006571614,0.9934284,42,226,0,test
0.0066496297,0.9933503,43,133,2,test
0.13646004,0.86353993,44,69,0,test
0.99153894,0.0084610265,45,153,1,test
0.008418436,0.9915815,46,250,0,test
0.0139441015,0.98605585,47,206,6,test
0.009022461,0.9909775,48,228,2,test
0.89432955,0.10567047,49,195,1,test
0.99100935,0.008990602,50,169,1,test
0.010442987,0.98955697,51,299,3,test
0.021090658,0.9789094,52,167,2,test
0.00586978,0.9941302,53,218,0,test
0.014394827,0.9856052,54,232,0,test
0.20213035,0.7978696,55,134,0,test
0.09948213,0.9005179,56,222,0,test
0.98757464,0.012425412,57,33,2,test
0.94237655,0.05762342,58,104,2,test
0.18181488,0.8181851,59,133,6,test
0.9913373,0.008662757,60,287,0,test
0.009995869,0.9900041,61,65,2,test
0.5789621,0.42103788,62,333,2,test
0.08056323,0.91943675,63,123,0,test
0.03694459,0.9630554,64,150,1,test
0.0058084764,0.99419147,65,322,1,test
0.019174172,0.98082584,66,133,1,test
0.97429097,0.025709031,67,305,1,test
0.3389856,0.6610144,68,34,1,test
0.6706013,0.32939866,69,127,2,test
0.006237197,0.9937628,70,177,2,test
0.9689961,0.031003866,71,118,2,test
0.9896025,0.010397495,72,98,1,test
0.034170233,0.96582973,73,18,0,test
0.9910946,0.008905372,74,255,2,test
0.005499574,0.9945004,75,140,1,test
0.008200326,0.9917997,76,219,2,test
0.15342961,0.84657043,77,113,0,test
0.99299675,0.0070032747,78,275,1,test
0.9923793,0.0076207086,79,7,1,test
0.044922248,0.9550777,80,251,3,test
0.9816232,0.018376827,81,211,2,test
0.97817856,0.021821432,82,158,0,test
0.006671468,0.9933286,83,323,0,test
0.99197024,0.008029746,84,115,1,test
0.06715704,0.93284297,85,113,3,test
0.0071240054,0.99287605,86,138,0,test
0.024382882,0.9756172,87,278,0,test
0.9768946,0.023105305,88,207,0,test
0.0068333913,0.9931666,89,43,3,test
0.0056529297,0.99434704,90,75,1,test
0.08781863,0.9121814,91,249,3,test
0.9857022,0.014297772,92,253,2,test
0.027874062,0.97212595,93,306,2,test
0.038198575,0.9618014,94,249,6,test
0.58205444,0.41794553,95,91,1,test
0.021822317,0.97817767,96,277,0,test
0.9933257,0.0066742525,97,15,0,test
0.0068871975,0.99311274,98,221,0,test
0.007747365,0.99225265,99,92,3,test
0.9899121,0.010087877,100,158,1,test
0.0077898446,0.99221015,101,23,2,test
0.9906838,0.009316274,102,181,1,test
0.9465124,0.053487588,103,3,1,test
0.058606163,0.94139385,104,167,0,test
0.99193066,0.008069374,105,198,1,test
0.008691535,0.9913085,106,49,1,test
0.97961503,0.020385033,107,62,2,test
0.0058745984,0.99412537,108,270,1,test
0.005732828,0.99426717,109,303,0,test
0.98895615,0.0110438615,110,238,0,test
0.0505356,0.9494644,111,190,1,test
0.88560116,0.114398845,112,161,2,test
0.006155366,0.9938446,113,204,2,test
0.81075335,0.18924661,114,30,0,test
0.98978794,0.010212061,115,25,2,test
0.0059240386,0.9940759,116,150,0,test
0.020213343,0.97978663,117,54,2,test
0.005357111,0.99464285,118,107,2,test
0.013702051,0.98629797,119,155,2,test
0.0074025416,0.99259746,120,237,0,test
0.98157513,0.018424816,121,78,0,test
0.9923786,0.0076213796,122,198,2,test
0.05587541,0.9441246,123,149,1,test
0.0055960407,0.99440396,124,94,0,test
0.0055870498,0.99441296,125,93,1,test
0.97558945,0.024410585,126,174,2,test
0.99140745,0.008592535,127,169,2,test
0.98691887,0.013081173,128,183,1,test
0.007400011,0.99259996,129,96,2,test
0.05609212,0.9439079,130,281,1,test
0.0062281596,0.99377185,131,102,0,test
0.5782135,0.4217865,132,164,1,test
0.9664151,0.033584908,133,24,1,test
0.005172418,0.99482757,134,63,0,test
0.9773266,0.022673465,135,134,2,test
0.0049111936,0.9950889,136,252,2,test
0.009594416,0.9904056,137,212,2,test
0.99319696,0.006803045,138,153,0,test
0.9468016,0.053198412,139,12,2,test
0.97761005,0.02238998,140,9,2,test
0.0076010833,0.9923989,141,237,2,test
0.023581557,0.97641844,142,43,0,test
0.0064156586,0.99358433,143,16,2,test
0.0052907313,0.99470925,144,86,2,test
0.007825757,0.99217427,145,110,0,test
0.990087,0.009913048,146,165,0,test
0.0058751227,0.99412495,147,92,1,test
0.0053694225,0.9946306,148,94,1,test
0.98256576,0.017434193,149,1,0,test
0.99071103,0.009288966,150,245,1,test
0.9926294,0.007370533,151,284,1,test
0.005917259,0.99408275,152,162,0,test
0.9930352,0.0069648675,153,245,2,test
0.9660917,0.033908255,154,310,0,test
0.99334735,0.0066526677,155,258,0,test
0.005634803,0.9943652,156,218,2,test
0.2779889,0.7220111,157,17,2,test
0.992153,0.007847057,158,19,1,test
0.9910397,0.008960259,159,68,0,test
0.009746491,0.9902535,160,322,2,test
0.8159037,0.1840963,161,31,1,test
0.006373568,0.9936265,162,307,2,test
0.9929259,0.007074167,163,101,1,test
0.9886231,0.01137698,164,139,2,test
0.06814033,0.9318597,165,282,1,test
0.9934808,0.006519216,166,52,2,test
0.019889131,0.9801108,167,268,0,test
0.043185566,0.9568144,168,77,1,test
0.033008724,0.9669913,169,60,2,test
0.9638839,0.03611615,170,108,0,test
0.23795538,0.76204455,171,291,1,test
0.9737727,0.026227226,172,20,1,test
0.0070399796,0.99296004,173,87,1,test
0.39920294,0.60079706,174,20,2,test
0.9845195,0.015480587,175,56,0,test
0.27611247,0.72388756,176,4,0,test
0.53645647,0.4635436,177,286,0,test
0.083946034,0.916054,178,308,0,test
0.99192387,0.008076159,179,334,2,test
0.0741741,0.92582595,180,313,1,test
0.98859334,0.011406649,181,187,1,test
0.989847,0.010152962,182,260,1,test
0.009303782,0.9906962,183,97,0,test
0.9847519,0.015248143,184,185,0,test
0.9821552,0.017844845,185,321,1,test
0.9840628,0.015937142,186,287,1,test
0.3609238,0.63907623,187,171,1,test
0.9821259,0.017874116,188,225,0,test
0.9896059,0.010394121,189,300,0,test
0.013114136,0.9868859,190,208,1,test
0.3758718,0.62412816,191,272,1,test
0.018820617,0.9811794,192,83,2,test
0.7402242,0.25977585,193,0,2,test
0.012336635,0.9876633,194,149,0,test
0.405691,0.594309,195,171,2,test
0.005044785,0.99495524,196,320,1,test
0.97215647,0.027843539,197,249,7,test
0.018274592,0.9817254,198,312,1,test
0.006361554,0.99363846,199,96,3,test
0.108867295,0.8911327,200,171,0,test
0.038771417,0.96122855,201,256,3,test
0.9740105,0.025989518,202,73,1,test
0.10974094,0.890259,203,116,2,test
0.99360436,0.0063956133,204,205,0,test
0.0057724,0.9942275,205,154,0,test
0.045327637,0.9546724,206,193,1,test
0.99194807,0.008051954,207,108,2,test
0.9778717,0.022128297,208,310,1,test
0.008505727,0.9914943,209,278,1,test
0.22242501,0.77757496,210,104,1,test
0.99097836,0.009021618,211,260,0,test
0.024898391,0.9751016,212,82,0,test
0.98522353,0.014776442,213,183,2,test
0.99352276,0.006477241,214,205,3,test
0.990467,0.009532966,215,315,2,test
0.007243913,0.99275607,216,215,2,test
0.0120071145,0.9879929,217,77,0,test
0.34292585,0.65707415,218,295,1,test
0.33432922,0.6656708,219,249,5,test
0.99142003,0.008579999,220,33,1,test
0.9806984,0.019301549,221,185,2,test
0.0068890895,0.9931109,222,16,3,test
0.0054826797,0.99451727,223,67,1,test
0.97754866,0.022451304,224,37,2,test
0.35296538,0.6470346,225,125,1,test
0.9934685,0.006531494,226,8,0,test
0.78098226,0.2190177,227,22,1,test
0.006352343,0.99364763,228,80,3,test
0.011070329,0.9889297,229,13,3,test
0.063370675,0.93662935,230,184,2,test
0.98117846,0.018821508,231,100,1,test
0.011468456,0.9885315,232,105,0,test
0.010296982,0.989703,233,86,0,test
0.9291499,0.07085013,234,133,7,test
0.01891488,0.98108506,235,272,3,test
0.08102858,0.9189714,236,318,2,test
0.0049726535,0.99502736,237,154,1,test
0.0075817173,0.9924183,238,166,0,test
0.57579327,0.42420676,239,285,0,test
0.98324955,0.016750459,240,185,1,test
0.80645627,0.1935437,241,129,0,test
0.9869996,0.013000443,242,230,3,test
0.9757106,0.024289498,243,271,0,test
0.7086228,0.2913772,244,184,1,test
0.973417,0.02658297,245,325,2,test
0.9668112,0.03318875,246,66,0,test
0.005868495,0.9941315,247,227,0,test
0.9624843,0.03751569,248,325,1,test
0.36141565,0.6385844,249,221,2,test
0.010616434,0.9893835,250,88,1,test
0.006350898,0.99364907,251,177,1,test
0.031845003,0.96815497,252,18,1,test
0.916882,0.08311802,253,120,0,test
0.06997047,0.9300296,254,130,1,test
0.500959,0.49904105,255,28,2,test
0.012047586,0.9879524,256,208,2,test
0.9898447,0.010155335,257,332,0,test
0.007956882,0.9920431,258,294,0,test
0.021238733,0.9787613,259,169,0,test
0.027347833,0.97265214,260,119,2,test
0.02759857,0.9724015,261,256,1,test
0.99276745,0.007232531,262,57,1,test
0.0059348266,0.99406517,263,157,1,test
0.98825955,0.011740502,264,90,1,test
0.012304583,0.98769546,265,34,2,test
0.015216692,0.98478335,266,113,2,test
0.047907956,0.95209205,267,175,1,test
0.99128586,0.008714186,268,247,0,test
0.5954099,0.4045901,269,187,2,test
0.0066499077,0.9933501,270,105,2,test
0.012467419,0.98753256,271,202,2,test
0.9367607,0.063239306,272,82,1,test
0.007117671,0.9928824,273,110,2,test
0.005893018,0.994107,274,160,0,test
0.9909774,0.009022624,275,165,1,test
0.3860812,0.6139188,276,253,3,test
0.14764346,0.8523565,277,43,1,test
0.006798939,0.9932011,278,103,0,test
0.32388017,0.67611986,279,260,2,test
0.94427544,0.055724554,280,129,2,test
0.9817046,0.018295439,281,195,2,test
0.9717078,0.028292166,282,266,0,test
0.7571495,0.2428505,283,9,1,test
0.005170448,0.9948296,284,51,2,test
0.9806778,0.019322194,285,78,1,test
0.010069627,0.9899304,286,110,1,test
0.94533503,0.05466496,287,104,3,test
0.9892592,0.010740825,288,247,1,test
0.47146568,0.5285343,289,127,1,test
0.98867446,0.011325581,290,286,1,test
0.9932742,0.006725818,291,235,2,test
0.006277751,0.99372226,292,170,1,test
0.22359848,0.7764015,293,20,0,test
0.86370033,0.13629971,294,237,1,test
0.9719598,0.028040139,295,287,2,test
0.0057728277,0.9942272,296,80,1,test
0.006597243,0.9934028,297,288,2,test
0.9683459,0.031654082,298,210,0,test
0.0101864245,0.9898136,299,70,0,test
0.0053159185,0.99468416,300,74,2,test
0.017883662,0.98211634,301,316,2,test
0.98082435,0.01917569,302,263,1,test
0.82260215,0.17739785,303,143,0,test
0.0050598616,0.99494016,304,252,0,test
0.9719498,0.028050203,305,314,2,test
0.98013157,0.019868406,306,78,2,test
0.009900055,0.99009997,307,188,0,test
0.91894,0.081059985,308,137,1,test
0.22180901,0.77819103,309,22,0,test
0.21345803,0.78654194,310,29,1,test
0.98029476,0.019705262,311,10,2,test
0.9929918,0.0070081973,312,225,1,test
0.9852245,0.014775591,313,81,2,test
0.48714122,0.5128588,314,64,1,test
0.97514546,0.024854567,315,211,0,test
0.043472767,0.95652723,316,203,0,test
0.012123836,0.9878762,317,281,0,test
0.03197945,0.9680206,318,24,0,test
0.051418584,0.9485814,319,26,0,test
0.006001161,0.9939989,320,114,2,test
0.97399616,0.026003819,321,25,1,test
0.07528851,0.92471147,322,200,0,test
0.005579632,0.99442035,323,145,2,test
0.8183265,0.18167356,324,161,0,test
0.99311215,0.0068878834,325,189,0,test
0.033297613,0.96670234,326,318,0,test
0.18890898,0.811091,327,316,0,test
0.0065737152,0.9934263,328,111,2,test
0.10461083,0.89538914,329,1,2,test
0.00874119,0.9912588,330,97,2,test
0.015303307,0.9846966,331,192,1,test
0.004802137,0.99519783,332,32,2,test
0.9813958,0.018604197,333,30,1,test
0.0056860144,0.99431396,334,226,2,test
0.73212326,0.26787674,335,269,2,test
0.014661629,0.98533833,336,99,0,test
0.006030032,0.99397004,337,168,1,test
0.94359857,0.056401424,338,301,2,test
0.9704077,0.029592277,339,88,2,test
0.9778025,0.02219746,340,84,0,test
0.0051956587,0.9948043,341,166,1,test
0.00589518,0.9941048,342,151,1,test
0.0072692577,0.9927308,343,208,0,test
0.005714565,0.9942854,344,151,2,test
0.005280743,0.99471927,345,304,1,test
0.3286803,0.67131966,346,183,0,test
0.98898053,0.011019473,347,37,0,test
0.9930748,0.0069252066,348,146,0,test
0.99248224,0.0075176894,349,79,0,test
0.12718551,0.8728145,350,136,0,test
0.98209584,0.017904116,351,90,0,test
0.025540054,0.97445995,352,132,1,test
0.03747019,0.9625298,353,3,0,test
0.005722146,0.99427783,354,270,0,test
0.99178183,0.00821817,355,62,0,test
0.007550595,0.9924494,356,212,1,test
0.027066113,0.9729339,357,25,0,test
0.008047118,0.99195284,358,149,2,test
0.98930407,0.010695932,359,172,2,test
0.95928895,0.040710997,360,217,1,test
0.0052888393,0.99471116,361,76,0,test
0.33118913,0.66881084,362,116,1,test
0.005421896,0.9945781,363,66,2,test
0.006725753,0.9932742,364,250,1,test
0.054004736,0.9459952,365,143,1,test
0.008961691,0.9910383,366,168,0,test
0.012529041,0.9874709,367,72,0,test
0.5037594,0.49624065,368,298,0,test
0.008441434,0.99155855,369,182,1,test
0.0073714443,0.9926286,370,233,0,test
0.50692874,0.49307126,371,276,1,test
0.0050874264,0.9949125,372,55,2,test
0.008372236,0.9916278,373,324,0,test
0.021305012,0.978695,374,155,0,test
0.0074164392,0.99258363,375,144,2,test
0.13734347,0.8626566,376,172,1,test
0.98899233,0.011007724,377,249,0,test
0.0063733617,0.9936266,378,133,3,test
0.011199249,0.98880076,379,226,1,test
0.98833954,0.011660511,380,2,1,test
0.98034716,0.01965284,381,284,2,test
0.005767578,0.99423236,382,48,1,test
0.0054991907,0.99450076,383,112,1,test
0.01879351,0.9812065,384,190,0,test
0.00584481,0.9941552,385,70,2,test
0.0055177896,0.9944823,386,103,2,test
0.0055261925,0.99447376,387,277,2,test
0.01929773,0.9807022,388,229,0,test
0.12544723,0.8745528,389,271,1,test
0.45326415,0.5467359,390,206,2,test
0.90686584,0.09313414,391,200,1,test
0.69950616,0.3004938,392,217,0,test
0.036898036,0.96310204,393,133,5,test
0.9829406,0.017059376,394,302,1,test
0.058248956,0.94175106,395,323,2,test
0.1016885,0.8983115,396,200,2,test
0.014621695,0.98537827,397,283,0,test
0.9914396,0.008560373,398,300,2,test
0.99388474,0.0061152563,399,205,2,test
0.00601638,0.99398357,400,248,0,test
0.0070482837,0.9929517,401,233,2,test
0.9791134,0.020886596,402,51,0,test
0.0058886283,0.99411136,403,72,1,test
0.9855736,0.014426365,404,141,0,test
0.008592762,0.9914072,405,312,2,test
0.005855199,0.99414486,406,67,0,test
0.95752877,0.0424712,407,266,2,test
0.02206082,0.9779392,408,24,2,test
0.32972977,0.67027026,409,46,1,test
0.004962156,0.99503785,410,95,1,test
0.987536,0.012463925,411,331,2,test
0.0051955334,0.99480444,412,140,2,test
0.98456246,0.015437571,413,178,0,test
0.007820284,0.99217975,414,254,1,test
0.0054863007,0.99451375,415,13,2,test
0.0056432514,0.9943567,416,265,2,test
0.24287972,0.75712025,417,42,0,test
0.044156518,0.9558435,418,193,2,test
0.9908565,0.009143488,419,224,0,test
0.99236614,0.0076338863,420,98,0,test
0.98176056,0.018239424,421,128,2,test
0.023194255,0.9768057,422,166,2,test
0.0056229737,0.99437696,423,264,1,test
0.016689617,0.9833104,424,167,1,test
0.016249225,0.98375076,425,274,0,test
0.9807904,0.019209627,426,325,0,test
0.9809513,0.019048661,427,0,0,test
0.991347,0.008652934,428,209,0,test
0.10340946,0.8965906,429,113,1,test
0.8815415,0.1184585,430,120,1,test
0.0056571877,0.9943428,431,99,2,test
0.6131475,0.38685247,432,247,2,test
0.50017893,0.4998211,433,199,2,test
0.97218466,0.027815398,434,137,0,test
0.009523466,0.9904765,435,186,2,test
0.032152876,0.96784717,436,323,1,test
0.97835565,0.021644374,437,148,1,test
0.014109798,0.98589015,438,54,0,test
0.9938903,0.0061096707,439,39,1,test
0.0066480464,0.99335194,440,156,1,test
0.9814115,0.018588468,441,164,0,test
0.025622845,0.97437716,442,194,1,test
0.95043683,0.049563188,443,314,1,test
0.018999418,0.9810006,444,28,0,test
0.007258364,0.9927416,445,324,3,test
0.9902306,0.0097694,446,57,0,test
0.004660854,0.99533916,447,114,0,test
0.07830299,0.921697,448,163,0,test
0.0065206676,0.9934794,449,86,1,test
0.9729552,0.027044777,450,296,1,test
0.07468349,0.9253166,451,311,0,test
0.26434854,0.7356515,452,21,1,test
0.051531233,0.9484688,453,92,0,test
0.005704831,0.9942952,454,41,1,test
0.006946065,0.993054,455,94,2,test
0.99167144,0.008328616,456,165,2,test
0.0056092544,0.9943908,457,102,3,test
0.9859844,0.014015614,458,45,1,test
0.9612711,0.03872897,459,164,2,test
0.5745563,0.4254437,460,240,2,test
0.8685606,0.13143934,461,224,1,test
0.8794388,0.12056124,462,42,2,test
0.40953344,0.5904665,463,106,1,test
0.013243506,0.98675644,464,281,3,test
0.45106077,0.5489392,465,51,1,test
0.61241853,0.3875815,466,9,0,test
0.79987216,0.20012783,467,198,0,test
0.99077994,0.0092200795,468,61,0,test
0.9920533,0.007946711,469,153,3,test
0.9921599,0.007840031,470,223,2,test
0.5388734,0.46112663,471,135,0,test
0.006943884,0.9930561,472,193,0,test
0.9933422,0.00665778,473,53,0,test
0.9912514,0.008748563,474,319,1,test
0.24237297,0.75762707,475,44,0,test
0.051862307,0.94813764,476,54,1,test
0.9842455,0.015754474,477,2,0,test
0.9744366,0.025563344,478,224,2,test
0.95463294,0.04536706,479,173,1,test
0.019626873,0.98037314,480,311,1,test
0.97375906,0.026240915,481,180,1,test
0.027612874,0.97238714,482,22,2,test
0.99031407,0.009685893,483,321,0,test
0.005621196,0.99437875,484,303,1,test
0.0071011162,0.9928988,485,75,2,test
0.98359203,0.016408004,486,45,2,test
0.0063202013,0.99367976,487,274,3,test
0.005177178,0.99482286,488,74,1,test
0.61951274,0.3804872,489,69,2,test
0.0061945454,0.9938054,490,67,2,test
0.016021494,0.98397857,491,231,0,test
0.0063635316,0.9936365,492,41,2,test
0.27023283,0.7297672,493,334,0,test
0.91761273,0.08238726,494,180,2,test
0.06975145,0.9302485,495,229,2,test
0.188681,0.81131893,496,133,0,test
0.1366647,0.8633353,497,58,1,test
0.008836415,0.9911636,498,13,0,test
0.9918876,0.008112368,499,214,2,test
0.5938668,0.40613312,500,34,0,test
0.030787872,0.9692122,501,276,2,test
0.71477145,0.28522852,502,17,0,test
0.03605339,0.96394664,503,160,1,test
0.9852764,0.014723537,504,244,2,test
0.9922086,0.0077914256,505,199,0,test
0.008132663,0.99186736,506,150,2,test
0.993218,0.0067820135,507,146,1,test
0.008689117,0.99131095,508,299,1,test
0.7897516,0.21024843,509,135,2,test
0.9934517,0.006548314,510,7,2,test
0.0155666275,0.9844334,511,163,1,test
0.05537532,0.94462466,512,206,3,test
0.0051299264,0.99487007,513,186,1,test
0.015093192,0.9849068,514,243,0,test
0.99258935,0.007410678,515,115,0,test
0.006676773,0.99332327,516,281,2,test
0.08569112,0.91430885,517,120,2,test
0.9700776,0.02992241,518,142,0,test
0.077449195,0.92255086,519,83,1,test
0.025468819,0.97453123,520,188,1,test
0.0059675258,0.99403244,521,239,0,test
0.005985134,0.9940149,522,138,2,test
0.11472857,0.88527143,523,124,1,test
0.0048772665,0.99512273,524,55,1,test
0.020764505,0.9792355,525,5,2,test
0.9670774,0.032922655,526,174,1,test
0.006794371,0.99320567,527,257,0,test
0.06149763,0.9385024,528,18,2,test
0.0050475956,0.99495244,529,85,2,test
0.019854993,0.980145,530,307,1,test
0.0057588103,0.99424124,531,87,2,test
0.5242764,0.47572356,532,206,1,test
0.97790533,0.022094604,533,115,2,test
0.88863194,0.11136805,534,216,0,test
0.35500205,0.6449979,535,291,0,test
0.009939587,0.99006045,536,243,3,test
0.9922695,0.007730419,537,214,0,test
0.91092855,0.08907149,538,313,2,test
0.97098476,0.029015217,539,142,2,test
0.024444956,0.97555506,540,123,3,test
0.9877274,0.012272553,541,255,1,test
0.049062725,0.95093733,542,234,3,test
0.96032745,0.039672516,543,118,0,test
0.59659964,0.40340036,544,130,0,test
0.0451138,0.95488614,545,23,0,test
0.081152044,0.918848,546,306,0,test
0.034700293,0.9652997,547,156,0,test
0.98471063,0.0152894035,548,197,1,test
0.03164117,0.9683589,549,36,0,test
0.0057311463,0.9942689,550,131,2,test
0.9910124,0.008987543,551,27,2,test
0.0057654018,0.9942346,552,320,2,test
0.3267763,0.6732237,553,301,0,test
0.9901524,0.009847596,554,213,0,test
0.992814,0.0071859933,555,214,3,test
0.0075840573,0.9924159,556,3,2,test
0.072746694,0.92725325,557,124,2,test
0.970851,0.02914897,558,187,0,test
0.80861443,0.19138557,559,275,2,test
0.0051153162,0.99488467,560,13,1,test
0.99338996,0.0066100867,561,52,1,test
0.01158975,0.98841023,562,131,1,test
0.602203,0.397797,563,263,0,test
0.06494105,0.9350589,564,133,4,test
0.010158739,0.9898413,565,170,0,test
0.08017254,0.9198275,566,306,1,test
0.9811414,0.01885858,567,329,0,test
0.00616047,0.99383956,568,239,2,test
0.011102715,0.98889726,569,327,0,test
0.9919892,0.008010766,570,81,0,test
0.021735378,0.9782646,571,105,1,test
0.01822059,0.9817794,572,4,3,test
0.01019822,0.9898018,573,220,2,test
0.0050104083,0.9949896,574,102,1,test
0.93724215,0.06275781,575,263,2,test
0.013115913,0.9868841,576,70,1,test
0.9915104,0.008489617,577,56,1,test
0.8941756,0.1058244,578,31,0,test
0.0055677835,0.9944323,579,162,2,test
0.9933595,0.0066404957,580,7,0,test
0.0060950657,0.9939049,581,112,0,test
0.017020727,0.98297924,582,234,0,test
0.02140456,0.97859544,583,299,2,test
0.9726721,0.027327914,584,246,1,test
0.04317345,0.9568265,585,107,0,test
0.96180564,0.03819436,586,134,1,test
0.010518902,0.9894811,587,194,0,test
0.9874945,0.0125054885,588,319,2,test
0.108510986,0.891489,589,64,0,test
0.0077386387,0.99226135,590,292,0,test
0.105086684,0.8949133,591,29,0,test
0.992328,0.007671956,592,235,0,test
0.15016556,0.84983444,593,21,0,test
0.005595457,0.99440455,594,218,1,test
0.9935173,0.0064827977,595,89,2,test
0.0052812085,0.9947188,596,278,3,test
0.97517323,0.02482674,597,135,1,test
0.8892858,0.110714175,598,47,3,test
0.011240247,0.98875976,599,23,1,test
0.00800042,0.99199957,600,254,2,test
0.005673998,0.99432594,601,182,0,test
0.92243224,0.0775678,602,139,1,test
0.9763133,0.023686714,603,59,1,test
0.005421477,0.9945785,604,85,1,test
0.15897843,0.84102154,605,75,0,test
0.0077359886,0.99226403,606,152,0,test
0.045496907,0.95450306,607,324,1,test
0.019989764,0.9800102,608,175,0,test
0.006205223,0.9937948,609,36,3,test
0.98420805,0.015791895,610,283,2,test
0.99389714,0.0061028646,611,159,2,test
0.009366675,0.99063337,612,194,2,test
0.9929404,0.0070595792,613,209,1,test
0.99347514,0.006524919,614,39,2,test
0.023004983,0.976995,615,36,2,test
0.0049126013,0.99508744,616,147,3,test
0.008277616,0.9917224,617,242,2,test
0.13084495,0.86915505,618,17,1,test
0.99377173,0.0062282477,619,189,2,test
0.40366444,0.59633553,620,236,1,test
0.015047349,0.9849526,621,317,1,test
0.98800325,0.011996789,622,116,0,test
0.97566813,0.024331847,623,84,2,test
0.99028873,0.00971132,624,14,0,test
0.007727859,0.99227214,625,109,2,test
0.98743445,0.012565612,626,61,2,test
0.049926538,0.9500735,627,32,0,test
0.9203106,0.079689376,628,290,1,test
0.029266909,0.97073305,629,276,0,test
0.3153707,0.6846293,630,317,0,test
0.008941973,0.991058,631,256,2,test
0.20357274,0.7964273,632,83,0,test
0.9740475,0.025952566,633,283,1,test
0.0058454857,0.9941545,634,138,1,test
0.01212222,0.98787785,635,236,2,test
0.08858856,0.9114114,636,96,0,test
0.0076225773,0.9923774,637,107,1,test
0.40188465,0.5981154,638,236,0,test
0.9917001,0.0082998285,639,98,2,test
0.3145166,0.6854834,640,46,2,test
0.98953104,0.010468937,641,39,0,test
0.0056699323,0.99433005,642,273,0,test
0.70330656,0.29669344,643,285,1,test
0.99295205,0.0070479233,644,15,1,test
0.005798633,0.99420136,645,111,0,test
0.012263424,0.9877366,646,322,0,test
0.7989747,0.20102534,647,44,2,test
0.005721701,0.9942783,648,147,0,test
0.0067788307,0.99322116,649,125,2,test
0.016580485,0.98341954,650,328,1,test
0.9897427,0.0102572935,651,101,0,test
0.7138038,0.28619614,652,6,0,test
0.005469913,0.99453014,653,280,2,test
0.007293744,0.99270624,654,274,1,test
0.0050193253,0.99498063,655,280,1,test
0.98845613,0.011543875,656,128,1,test
0.006277391,0.9937226,657,167,3,test
0.9520855,0.04791458,658,217,2,test
0.16904823,0.8309518,659,12,1,test
0.004814391,0.9951857,660,55,0,test
0.019231867,0.98076814,661,77,2,test
0.0061375014,0.9938625,662,288,0,test
0.7429152,0.25708482,663,329,2,test
0.23475097,0.7652491,664,262,0,test
0.012312007,0.987688,665,298,2,test
0.18735224,0.81264776,666,48,0,test
0.7074463,0.2925537,667,201,1,test
0.017139621,0.9828604,668,207,1,test
0.9851821,0.014817881,669,90,2,test
0.96392083,0.036079116,670,197,0,test
0.005979157,0.9940209,671,313,0,test
0.9925679,0.007432139,672,178,1,test
0.9927972,0.0072027976,673,258,2,test
0.03189512,0.96810496,674,5,1,test
0.12773162,0.8722683,675,40,0,test
0.99251807,0.007481916,676,101,2,test
0.0064160665,0.993584,677,80,2,test
0.99114436,0.008855563,678,230,1,test
0.9910157,0.008984274,679,329,3,test
0.26801026,0.73198974,680,60,0,test
0.23196048,0.7680396,681,36,1,test
0.5859635,0.4140365,682,285,2,test
0.014637551,0.9853624,683,190,2,test
0.9802183,0.01978171,684,56,2,test
0.00544689,0.9945531,685,95,0,test
0.0056828507,0.9943171,686,264,0,test
0.986896,0.013103982,687,275,0,test
0.0047355527,0.9952644,688,252,1,test
0.9905031,0.009497002,689,240,0,test
0.01011794,0.98988205,690,232,1,test
0.853338,0.146662,691,161,1,test
0.008591247,0.99140877,692,117,0,test
0.02199859,0.9780015,693,13,4,test
0.97967786,0.020322135,694,316,1,test
0.035572626,0.9644274,695,49,0,test
0.006604441,0.9933956,696,326,0,test
0.99094373,0.009056312,697,53,2,test
0.056632172,0.94336784,698,5,0,test
0.99392104,0.0060789683,699,159,1,test
0.9634318,0.036568273,700,14,2,test
0.9243865,0.07561352,701,60,1,test
0.005753958,0.99424607,702,292,1,test
0.3249833,0.6750167,703,160,2,test
0.99360526,0.006394674,704,238,1,test
0.45680174,0.5431982,705,253,0,test
0.28791913,0.71208084,706,149,3,test
0.99294996,0.0070500933,707,89,1,test
0.014882436,0.98511755,708,250,2,test
0.028772019,0.971228,709,229,1,test
0.9298479,0.0701521,710,71,1,test
0.98379403,0.01620595,711,8,1,test
0.74756175,0.25243825,712,272,2,test
0.3217037,0.67829627,713,136,1,test
0.0051033394,0.9948966,714,326,1,test
0.06197177,0.9380282,715,114,1,test
0.005904169,0.9940958,716,72,2,test
0.06836553,0.9316344,717,12,0,test
0.9926876,0.007312401,718,209,2,test
0.98769975,0.012300236,719,330,0,test
0.006997408,0.9930026,720,117,2,test
0.99365187,0.0063481308,721,146,2,test
0.124498345,0.8755017,722,330,1,test
0.0049524275,0.99504757,723,215,1,test
0.068997085,0.9310029,724,295,2,test
0.9610747,0.038925316,725,246,2,test
0.005250295,0.9947497,726,304,2,test
0.65940315,0.34059682,727,61,1,test
0.98928285,0.010717103,728,297,1,test
0.988922,0.011077958,729,300,1,test
0.008032333,0.9919676,730,157,0,test
0.15825619,0.84174377,731,330,2,test
0.75211054,0.24788941,732,289,0,test
0.98923165,0.010768367,733,181,2,test
0.99162066,0.008379288,734,50,0,test
0.9931653,0.0068346797,735,213,1,test
0.9936538,0.0063462607,736,309,2,test
0.96771955,0.03228047,737,50,2,test
0.9262671,0.073732965,738,221,1,test
0.99032974,0.009670262,739,246,0,test
0.39290163,0.6070984,740,47,2,test
0.9921451,0.007854814,741,238,2,test
0.97642857,0.023571452,742,245,0,test
0.023638543,0.9763615,743,262,2,test
0.3751368,0.62486315,744,35,0,test
0.019596713,0.9804033,745,71,2,test
0.99070716,0.009292837,746,290,2,test
0.0049634227,0.99503654,747,32,1,test
0.8616825,0.13831754,748,132,2,test
0.0062344284,0.9937656,749,132,0,test
0.98495156,0.015048452,750,260,3,test
0.9860833,0.013916604,751,184,0,test
0.005293994,0.994706,752,292,3,test
0.9910513,0.008948715,753,210,2,test
0.992308,0.007691963,754,37,1,test
0.49965099,0.50034904,755,16,1,test
0.035176486,0.96482354,756,47,1,test
0.6739959,0.32600406,757,127,0,test
0.9736521,0.026347892,758,332,1,test
0.020303149,0.9796968,759,65,1,test
0.04100238,0.9589976,760,206,4,test
0.9928867,0.0071132337,761,293,1,test
0.010033818,0.98996615,762,265,1,test
0.98232687,0.017673159,763,2,2,test
0.005710958,0.99428904,764,280,0,test
0.9922937,0.0077062277,765,11,2,test
0.5708392,0.4291608,766,141,1,test
0.99331194,0.006687989,767,205,1,test
0.006188894,0.9938111,768,80,0,test
0.0077287992,0.9922712,769,95,2,test
0.010963186,0.98903686,770,259,2,test
0.021648454,0.97835153,771,179,0,test
0.9672916,0.032708377,772,196,1,test
0.010852251,0.9891478,773,248,2,test
0.99357843,0.0064215004,774,293,2,test
0.0059295516,0.9940705,775,288,1,test
0.20659566,0.79340434,776,82,2,test
0.017928734,0.9820712,777,192,0,test
0.006193674,0.99380636,778,93,2,test
0.008072833,0.99192715,779,130,2,test
0.008963655,0.9910363,780,47,0,test
0.007040752,0.99295926,781,273,2,test
0.99339116,0.006608815,782,244,0,test
0.94000727,0.059992738,783,201,3,test
0.9925882,0.007411814,784,309,0,test
0.8202543,0.17974573,785,172,0,test
0.006063583,0.9939365,786,274,2,test
0.8172357,0.18276434,787,152,1,test
0.99250835,0.00749166,788,223,0,test
0.41937461,0.5806254,789,46,0,test
0.34655547,0.6534445,790,45,3,test
0.019266274,0.98073375,791,262,1,test
0.18757986,0.8124202,792,108,1,test
0.006854166,0.9931458,793,328,0,test
0.12824208,0.87175786,794,307,0,test
0.017124793,0.9828752,795,206,5,test
0.013324978,0.98667496,796,241,2,test
0.36125347,0.6387465,797,109,1,test
0.13997793,0.86002207,798,145,0,test
0.005850457,0.99414957,799,102,2,test
0.033215445,0.9667846,800,58,2,test
0.3765331,0.6234669,801,38,2,test
0.97909236,0.020907572,802,297,0,test
0.015524369,0.9844757,803,191,1,test
0.21172929,0.7882707,804,45,0,test
0.9938492,0.0061508464,805,235,1,test
0.005392001,0.9946079,806,328,2,test
0.99156076,0.008439192,807,62,1,test
0.101384126,0.8986159,808,191,2,test
0.005197932,0.9948021,809,88,0,test
0.4212039,0.5787961,810,92,2,test
0.020564206,0.9794358,811,296,0,test
0.38552824,0.6144718,812,126,0,test
0.0058710827,0.99412894,813,38,1,test
0.9908568,0.009143161,814,57,2,test
0.0056916634,0.9943084,815,63,3,test
0.95772886,0.042271182,816,136,2,test
0.22027232,0.77972764,817,77,3,test
0.0059974324,0.9940025,818,131,0,test
0.005473392,0.99452657,819,270,2,test
0.98195595,0.01804406,820,266,1,test
0.9928498,0.007150209,821,315,1,test
0.0049847104,0.9950153,822,267,2,test
0.021047343,0.97895265,823,308,1,test
0.6105865,0.38941345,824,40,2,test
0.99100035,0.008999612,825,201,0,test
0.99142575,0.008574283,826,126,2,test
0.94568306,0.05431689,827,272,4,test
0.008614799,0.9913852,828,268,2,test
0.98484725,0.015152707,829,230,2,test
0.09403085,0.9059691,830,317,2,test
0.8521402,0.14785981,831,69,1,test
0.006132016,0.99386805,832,202,0,test
0.009659632,0.9903404,833,318,1,test
0.96171135,0.038288616,834,296,2,test
0.006143666,0.9938564,835,279,1,test
0.005560301,0.9944397,836,320,0,test
0.99172044,0.0082796095,837,196,2,test
0.13586184,0.8641381,838,291,2,test
0.0105590345,0.989441,839,264,2,test
0.9235535,0.07644651,840,121,2,test
0.75905085,0.2409491,841,331,1,test
0.15718257,0.8428174,842,251,2,test
0.9851118,0.014888268,843,158,3,test
0.98073876,0.019261247,844,84,1,test
0.9769782,0.023021802,845,284,0,test
0.9394281,0.060571864,846,137,2,test
0.0052300203,0.99477,847,154,2,test
0.99329656,0.006703492,848,258,1,test
0.75786453,0.24213545,849,35,1,test
0.4012323,0.59876764,850,216,2,test
0.07494151,0.9250585,851,73,2,test
0.99110794,0.008892007,852,302,0,test
0.94097936,0.059020672,853,191,0,test
0.9909889,0.009011129,854,210,1,test
0.0052920915,0.99470794,855,117,1,test
0.0049341135,0.9950658,856,257,1,test
0.1750391,0.8249609,857,207,2,test
0.9929645,0.007035467,858,293,0,test
0.007112769,0.9928872,859,74,0,test
0.9922426,0.0077574193,860,255,0,test
0.010318263,0.9896818,861,272,5,test
0.008707845,0.9912922,862,212,0,test
0.9417728,0.0582272,863,100,0,test
0.00517515,0.9948249,864,204,1,test
0.93959415,0.060405884,865,129,1,test
0.0072832,0.9927168,866,312,0,test
0.009683231,0.99031675,867,222,2,test
0.0060140053,0.993986,868,112,2,test
0.028661035,0.971339,869,81,1,test
0.0051876726,0.99481237,870,233,1,test
0.96379286,0.036207177,871,197,2,test
0.9798834,0.020116694,872,199,1,test
0.9917876,0.008212408,873,89,0,test
0.99007213,0.0099278,874,118,1,test
0.9918858,0.008114225,875,121,0,test
0.9099323,0.090067625,876,71,0,test
0.004985093,0.99501485,877,327,2,test
0.009201013,0.99079907,878,282,0,test
0.0046538464,0.9953461,879,147,2,test
0.017599657,0.9824003,880,109,0,test
0.0047787316,0.9952213,881,157,2,test
0.985819,0.014181016,882,201,2,test
0.5316181,0.46838188,883,333,1,test
0.02098166,0.97901833,884,249,4,test
0.965385,0.034614917,885,106,2,test
0.9929368,0.007063156,886,315,0,test
0.981026,0.018973978,887,195,0,test
0.9879098,0.012090141,888,321,2,test
0.0063700774,0.9936299,889,278,2,test
0.05695749,0.94304246,890,203,1,test
0.017018907,0.9829811,891,294,1,test
0.9417154,0.05828462,892,174,0,test
0.9908807,0.009119241,893,213,2,test
0.9840115,0.01598855,894,181,0,test
0.37284935,0.62715065,895,249,2,test
0.9927873,0.007212655,896,26,1,test
0.0076213256,0.9923787,897,76,3,test
0.010676172,0.9893238,898,219,0,test
0.0052604354,0.9947396,899,303,2,test
0.0078066397,0.9921934,900,49,2,test
0.009363189,0.99063677,901,163,2,test
0.9917944,0.008205603,902,11,1,test
0.010375107,0.9896249,903,168,2,test
0.9936091,0.0063909153,904,53,1,test
0.063138224,0.9368618,905,206,0,test
0.99302775,0.006972195,906,309,1,test
0.9891741,0.010825891,907,314,0,test
0.0053230706,0.99467695,908,294,2,test
0.006028171,0.99397177,909,151,0,test
0.9889426,0.011057332,910,230,0,test
0.019095907,0.98090404,911,279,2,test
0.0065784813,0.9934215,912,29,2,test
0.9749474,0.025052644,913,176,1,test
0.0054931026,0.9945069,914,76,1,test
0.0050611724,0.99493885,915,232,2,test
0.007619136,0.9923808,916,269,1,test
0.86811477,0.13188523,917,180,0,test
0.15264098,0.84735894,918,216,1,test
0.0060839257,0.9939161,919,144,0,test
0.04269863,0.9573014,920,277,1,test
0.99298906,0.0070109055,921,173,0,test
0.013367086,0.98663294,922,267,1,test
0.12245501,0.877545,923,305,0,test
0.0054506497,0.99454933,924,65,0,test
0.017743062,0.98225695,925,123,2,test
0.92337084,0.07662912,926,249,1,test
0.008723713,0.99127626,927,271,2,test
0.020246126,0.9797539,928,125,0,test
0.23733084,0.76266915,929,240,1,test
0.47989395,0.520106,930,295,0,test
0.9875673,0.012432705,931,68,2,test
0.9863391,0.01366083,932,1,1,test
0.32583195,0.67416805,933,241,0,test
0.026013924,0.9739861,934,202,1,test
0.07596248,0.9240376,935,311,2,test
0.007166211,0.99283385,936,192,2,test
0.0341569,0.9658431,937,231,1,test
0.007770809,0.99222916,938,170,2,test
0.011779586,0.98822045,939,227,2,test
0.9918087,0.008191327,940,319,0,test
0.9655734,0.034426626,941,214,1,test
0.985435,0.014564952,942,30,2,test
0.0062841736,0.9937158,943,251,0,test
0.0068748053,0.9931252,944,228,1,test
0.00540026,0.9945997,945,179,2,test
0.8669236,0.13307647,946,128,0,test
0.021472706,0.97852725,947,156,2,test
0.95799124,0.042008787,948,14,1,test
0.96830875,0.031691205,949,10,1,test
0.9024883,0.09751169,950,289,1,test
0.9758031,0.024196947,951,244,1,test
0.0065349257,0.993465,952,261,1,test
0.005166848,0.9948331,953,63,1,test
0.4526959,0.5473041,954,42,1,test
0.93413675,0.065863244,955,8,2,test
0.9625875,0.037412576,956,305,2,test
0.007915833,0.99208415,957,73,0,test
0.0064045344,0.99359554,958,152,2,test
0.01139836,0.9886016,959,242,1,test
0.062400497,0.9375995,960,119,0,test
0.018358652,0.9816413,961,91,0,test
0.0054642763,0.9945357,962,131,3,test
0.10399132,0.8960087,963,211,1,test
0.008479837,0.9915202,964,123,1,test
0.0056245415,0.99437547,965,186,0,test
0.02490127,0.9750988,966,155,1,test
0.005946236,0.9940538,967,43,2,test
0.99068505,0.009314926,968,19,0,test
0.0048673297,0.9951326,969,147,1,test
0.025232185,0.9747678,970,204,0,test
0.0149178235,0.98508215,971,40,1,test
0.022463491,0.97753644,972,331,3,test
0.0061800727,0.9938199,973,162,1,test
0.031241458,0.9687585,974,261,0,test
0.98863655,0.011363446,975,329,1,test
0.99271506,0.0072849733,976,19,2,test
0.99007356,0.009926403,977,253,1,test
0.9762915,0.023708526,978,4,2,test
0.009881732,0.9901183,979,48,2,test
0.4752698,0.5247302,980,12,3,test
0.99411446,0.00588562,981,153,2,test
0.107988864,0.8920111,982,119,1,test
0.9272469,0.07275314,983,59,0,test
0.006444832,0.9935551,984,239,1,test
0.9924581,0.0075418674,985,68,1,test
0.99185175,0.008148221,986,286,2,test
0.124702096,0.8752979,987,248,1,test
0.8574186,0.14258143,988,16,0,test
0.009669718,0.9903302,989,273,1,test
0.8767399,0.1232601,990,106,0,test
0.7671586,0.2328414,991,234,2,test
0.99197817,0.008021801,992,225,2,test
0.005218576,0.99478143,993,227,1,test
0.12924205,0.870758,994,93,0,test
0.005767709,0.99423224,995,220,0,test
0.9905625,0.009437565,996,79,1,test
0.013572346,0.9864276,997,228,0,test
0.0059479754,0.994052,998,144,1,test
0.54157263,0.45842737,999,142,1,test
0.0046582017,0.9953418,1000,85,0,test
0.031198308,0.96880174,1001,254,0,test
0.031594973,0.968405,1002,269,0,test
0.9876133,0.012386678,1003,84,3,test
0.9625288,0.037471242,1004,310,2,test
0.97341394,0.026586086,1005,334,1,test
0.005927531,0.9940725,1006,63,2,test
0.9926836,0.007316393,1007,50,1,test
0.99009705,0.009902967,1008,173,2,test
0.27177835,0.72822165,1009,228,3,test
0.013949518,0.98605055,1010,126,1,test
0.008593996,0.99140596,1011,220,1,test
0.98094994,0.019050034,1012,148,2,test
0.005520543,0.9944794,1013,256,0,test
0.0062708682,0.9937291,1014,242,0,test
0.9881417,0.011858277,1015,33,0,test
0.9680457,0.031954315,1016,177,0,test
0.010365315,0.9896347,1017,122,2,test
0.9911971,0.008802897,1018,0,1,test
0.06467651,0.93532354,1019,324,2,test
0.98447716,0.0155228535,1020,332,2,test
0.0050331396,0.9949668,1021,175,2,test
0.9882372,0.011762841,1022,290,0,test
0.075214796,0.9247852,1023,24,3,test
0.99031353,0.0096864775,1024,64,2,test
0.3101267,0.68987334,1025,11,0,test
0.0051775463,0.9948225,1026,243,1,test
0.9856287,0.014371302,1027,158,2,test
0.8723865,0.12761344,1028,331,0,test
0.04832186,0.95167816,1029,28,1,test
0.0649328,0.93506724,1030,279,0,test
0.98617524,0.013824783,1031,176,2,test
0.0062013306,0.9937987,1032,243,2,test
0.006040215,0.9939598,1033,76,2,test
0.9099352,0.09006477,1034,4,1,test
0.0064180936,0.9935819,1035,99,1,test
0.9513953,0.048604798,1036,188,2,test
0.007821856,0.99217814,1037,122,0,test
0.9936022,0.0063978233,1038,52,0,test
0.0061967033,0.99380326,1039,261,2,test
0.022340966,0.97765905,1040,6,1,test
0.88088924,0.119110726,1041,203,2,test
0.007832599,0.9921674,1042,259,0,test
0.010849779,0.9891502,1043,176,0,test
0.006678418,0.9933216,1044,327,1,test
0.011523891,0.98847616,1045,215,0,test
0.25409505,0.7459049,1046,298,1,test
0.9907313,0.00926875,1047,59,2,test
0.084418386,0.9155816,1048,304,0,test
0.030590054,0.96941,1049,219,1,test
0.9914533,0.0085467305,1050,159,0,test
0.99335396,0.006646009,1051,148,0,test
0.0057095983,0.99429035,1052,267,0,test
0.0065545673,0.9934455,1053,234,1,test
0.9922558,0.0077441363,1054,79,2,test
0.26611966,0.7338804,1055,6,2,test
0.009697791,0.99030215,1056,143,2,test
0.0107647255,0.9892352,1057,87,0,test
0.9871608,0.012839254,1058,297,2,test
0.9902649,0.009735097,1059,121,1,test
0.0056022205,0.99439776,1060,251,1,test
0.006324066,0.9936759,1061,107,3,test
0.008691568,0.9913085,1062,241,1,test
0.0051814844,0.9948185,1063,41,0,test
0.98473954,0.015260432,1064,272,0,test
0.99379,0.0062100175,1065,27,0,test
0.93913645,0.06086352,1066,104,0,test
0.006148107,0.9938519,1067,145,3,test
0.008287431,0.99171257,1068,38,0,test
0.0050539644,0.99494606,1069,326,2,test
0.0059195147,0.9940805,1070,268,1,test
0.8056789,0.19432107,0,40,0,validation
0.9863258,0.013674182,1,27,0,validation
0.0051545785,0.9948454,2,139,2,validation
0.52141976,0.47858024,3,82,0,validation
0.9930472,0.0069528962,4,21,2,validation
0.23877686,0.7612232,5,56,0,validation
0.41072726,0.5892727,6,91,1,validation
0.0049904888,0.99500954,7,129,0,validation
0.032072324,0.96792763,8,49,2,validation
0.063689865,0.93631005,9,50,1,validation
0.0058478923,0.9941521,10,48,0,validation
0.03719805,0.96280193,11,152,1,validation
0.010500891,0.9894991,12,22,1,validation
0.008376911,0.9916231,13,148,2,validation
0.98526025,0.014739745,14,128,2,validation
0.0056139263,0.9943861,15,25,0,validation
0.0057911603,0.9942088,16,110,0,validation
0.0082712965,0.9917287,17,17,2,validation
0.992827,0.007172959,18,23,1,validation
0.010040436,0.9899595,19,57,0,validation
0.81452966,0.18547034,20,88,0,validation
0.4670313,0.53296864,21,133,2,validation
0.0060757194,0.9939243,22,9,1,validation
0.013692517,0.98630744,23,136,2,validation
0.011225037,0.988775,24,104,0,validation
0.2916573,0.70834273,25,2,2,validation
0.022839654,0.97716033,26,146,0,validation
0.04509407,0.9549059,27,30,0,validation
0.9874966,0.012503376,28,58,2,validation
0.99194556,0.008054414,29,163,0,validation
0.015891008,0.984109,30,54,0,validation
0.91483474,0.08516528,31,124,2,validation
0.054896012,0.945104,32,85,0,validation
0.57880086,0.4211992,33,146,1,validation
0.005432294,0.99456775,34,20,1,validation
0.02274619,0.9772538,35,50,0,validation
0.96419626,0.035803653,36,160,1,validation
0.006142553,0.99385744,37,90,1,validation
0.006461466,0.99353856,38,24,2,validation
0.99326056,0.0067394585,39,156,2,validation
0.008394169,0.9916059,40,55,2,validation
0.007855481,0.9921445,41,37,2,validation
0.11932367,0.8806764,42,73,0,validation
0.005669696,0.9943303,43,137,1,validation
0.005800725,0.9941993,44,153,2,validation
0.7291822,0.27081782,45,109,2,validation
0.98593533,0.014064699,46,42,2,validation
0.009416864,0.9905832,47,132,0,validation
0.24300635,0.7569936,48,0,2,validation
0.9876987,0.012301244,49,109,1,validation
0.011745895,0.9882541,50,132,1,validation
0.93941146,0.060588486,51,58,1,validation
0.99191767,0.008082366,52,121,0,validation
0.005850865,0.9941492,53,25,1,validation
0.0076348973,0.99236506,54,158,1,validation
0.014448804,0.98555124,55,145,1,validation
0.2688725,0.73112756,56,80,0,validation
0.00493975,0.99506027,57,164,1,validation
0.0067224414,0.9932775,58,33,2,validation
0.8677061,0.13229387,59,161,0,validation
0.19118036,0.8088196,60,70,1,validation
0.9175397,0.08246029,61,92,0,validation
0.9892251,0.010774916,62,10,1,validation
0.4931203,0.5068797,63,117,2,validation
0.006538967,0.993461,64,154,2,validation
0.98899347,0.011006578,65,23,0,validation
0.6635173,0.33648264,66,0,0,validation
0.5444471,0.4555529,67,3,1,validation
0.004674669,0.9953253,68,97,1,validation
0.9910473,0.008952734,69,6,2,validation
0.023126336,0.9768737,70,32,2,validation
0.9663104,0.033689678,71,26,1,validation
0.6481737,0.3518263,72,42,1,validation
0.0050262655,0.9949738,73,24,1,validation
0.009622667,0.99037737,74,162,1,validation
0.9919695,0.008030479,75,100,1,validation
0.98172367,0.018276364,76,5,2,validation
0.007966519,0.9920334,77,150,0,validation
0.92946535,0.07053465,78,44,1,validation
0.005044689,0.99495536,79,81,1,validation
0.008204601,0.99179536,80,134,0,validation
0.009372686,0.9906273,81,12,1,validation
0.1278243,0.87217563,82,148,3,validation
0.022127151,0.97787285,83,14,2,validation
0.0051806318,0.99481934,84,90,0,validation
0.0060126283,0.9939873,85,137,0,validation
0.9812057,0.01879432,86,130,2,validation
0.009385959,0.99061406,87,29,0,validation
0.013857111,0.98614293,88,102,1,validation
0.89330757,0.1066925,89,102,0,validation
0.032360956,0.967639,90,76,1,validation
0.009093592,0.99090636,91,96,0,validation
0.005270853,0.9947292,92,153,1,validation
0.009188197,0.9908118,93,22,0,validation
0.0053679915,0.994632,94,79,1,validation
0.008347896,0.9916521,95,96,1,validation
0.910054,0.08994593,96,119,1,validation
0.97347295,0.02652709,97,163,1,validation
0.99089783,0.009102228,98,159,2,validation
0.9871961,0.012803893,99,156,0,validation
0.0056795343,0.9943204,100,88,1,validation
0.0062248074,0.9937751,101,146,2,validation
0.092343494,0.90765655,102,104,1,validation
0.3717053,0.6282947,103,67,1,validation
0.96629626,0.0337038,104,66,0,validation
0.004620012,0.99538004,105,97,0,validation
0.9602703,0.03972968,106,126,0,validation
0.0069728796,0.99302715,107,134,1,validation
0.0057217227,0.9942783,108,79,2,validation
0.0049835606,0.9950164,109,45,1,validation
0.98696196,0.013038115,110,106,1,validation
0.9909644,0.0090355165,111,87,1,validation
0.03180285,0.9681971,112,142,1,validation
0.0060291453,0.9939709,113,114,0,validation
0.5318813,0.4681187,114,27,2,validation
0.030147342,0.9698527,115,60,0,validation
0.0052471804,0.99475276,116,24,0,validation
0.90022105,0.09977899,117,144,2,validation
0.011882406,0.98811764,118,4,2,validation
0.0055140727,0.9944859,119,114,1,validation
0.008346941,0.991653,120,113,0,validation
0.00922139,0.99077857,121,127,0,validation
0.98912,0.010879978,122,5,3,validation
0.0064347456,0.99356526,123,105,2,validation
0.12876253,0.87123746,124,142,2,validation
0.00812454,0.99187547,125,18,0,validation
0.9923091,0.007690907,126,78,2,validation
0.007246362,0.99275357,127,162,0,validation
0.016452296,0.98354775,128,144,1,validation
0.007715233,0.9922848,129,108,2,validation
0.0045382204,0.99546176,130,139,1,validation
0.98507833,0.01492165,131,68,0,validation
0.99294007,0.0070599196,132,7,2,validation
0.5073317,0.4926683,133,157,2,validation
0.008561986,0.9914381,134,13,1,validation
0.9876709,0.012329096,135,78,1,validation
0.99333775,0.0066622407,136,100,0,validation
0.009540527,0.99045944,137,108,0,validation
0.9263118,0.07368826,138,40,2,validation
0.00542059,0.99457943,139,107,0,validation
0.010403984,0.98959607,140,9,2,validation
0.1931911,0.8068089,141,36,1,validation
0.9476944,0.052305646,142,128,0,validation
0.10810238,0.8918977,143,157,0,validation
0.009230924,0.9907691,144,80,1,validation
0.0055253957,0.9944746,145,18,1,validation
0.027067518,0.97293246,146,65,2,validation
0.9936534,0.006346525,147,7,1,validation
0.7870161,0.21298386,148,5,1,validation
0.21185653,0.78814346,149,135,0,validation
0.91487145,0.08512856,150,21,0,validation
0.993382,0.0066179996,151,71,0,validation
0.9915906,0.008409367,152,99,0,validation
0.020963917,0.97903603,153,30,1,validation
0.0073006903,0.9926993,154,155,1,validation
0.9552785,0.04472152,155,67,2,validation
0.9930749,0.0069250846,156,7,0,validation
0.019018566,0.98098147,157,75,1,validation
0.019644668,0.98035526,158,85,1,validation
0.9903261,0.0096738245,159,68,1,validation
0.01342739,0.9865726,160,1,1,validation
0.0052400813,0.99475986,161,37,1,validation
0.00572003,0.99428,162,14,1,validation
0.98330206,0.016697954,163,59,0,validation
0.98050296,0.01949703,164,5,0,validation
0.012361492,0.9876385,165,152,2,validation
0.989754,0.010245932,166,117,1,validation
0.99077624,0.009223775,167,0,3,validation
0.97850317,0.021496829,168,103,1,validation
0.15598057,0.8440195,169,63,0,validation
0.70161897,0.2983811,170,19,1,validation
0.0051621003,0.9948378,171,35,2,validation
0.019894077,0.98010594,172,104,2,validation
0.009022019,0.990978,173,86,0,validation
0.2184173,0.78158265,174,9,0,validation
0.032789744,0.9672103,175,63,1,validation
0.011764209,0.98823583,176,84,1,validation
0.23652442,0.7634756,177,8,0,validation
0.6668229,0.33317715,178,2,0,validation
0.9936714,0.006328514,179,151,1,validation
0.005633187,0.9943668,180,35,0,validation
0.09781195,0.90218806,181,11,2,validation
0.9931457,0.0068542827,182,51,0,validation
0.0096116215,0.99038833,183,154,0,validation
0.00642655,0.9935735,184,38,0,validation
0.9919045,0.008095465,185,36,2,validation
0.82025206,0.17974791,186,56,2,validation
0.98379403,0.016206013,187,87,0,validation
0.9885732,0.011426863,188,62,1,validation
0.2601044,0.73989564,189,46,2,validation
0.99116826,0.008831722,190,121,2,validation
0.006231493,0.9937686,191,125,1,validation
0.973598,0.026402026,192,73,1,validation
0.9287996,0.07120036,193,149,0,validation
0.021536011,0.978464,194,73,2,validation
0.58000934,0.4199907,195,147,0,validation
0.142691,0.857309,196,45,2,validation
0.98561585,0.014384196,197,120,1,validation
0.98960006,0.010399919,198,21,1,validation
0.98177254,0.018227508,199,71,2,validation
0.10879876,0.8912012,200,54,1,validation
0.3854961,0.6145039,201,162,3,validation
0.03243497,0.96756506,202,124,0,validation
0.23722458,0.7627754,203,103,3,validation
0.9932857,0.006714199,204,62,2,validation
0.9894525,0.010547478,205,26,0,validation
0.06414418,0.9358558,206,35,1,validation
0.9577124,0.042287573,207,144,0,validation
0.9487576,0.05124246,208,47,0,validation
0.9903246,0.009675433,209,29,2,validation
0.9770283,0.022971682,210,49,1,validation
0.0056771417,0.9943229,211,74,1,validation
0.0056850393,0.99431497,212,107,1,validation
0.97989666,0.020103306,213,26,2,validation
0.00538443,0.9946156,214,33,1,validation
0.012129542,0.9878705,215,53,2,validation
0.06062956,0.93937045,216,53,0,validation
0.98230505,0.017694967,217,64,1,validation
0.0068010287,0.99319893,218,164,0,validation
0.9936893,0.0063106706,219,23,2,validation
0.008238257,0.9917617,220,145,0,validation
0.018694574,0.9813054,221,72,2,validation
0.0064738267,0.9935262,222,155,0,validation
0.055029485,0.9449705,223,38,1,validation
0.9624536,0.037546366,224,92,1,validation
0.33451068,0.66548926,225,98,1,validation
0.6918414,0.30815852,226,123,0,validation
0.7078336,0.29216638,227,116,1,validation
0.039197158,0.9608028,228,131,2,validation
0.007937502,0.9920625,229,76,0,validation
0.013393198,0.98660684,230,84,0,validation
0.044538736,0.95546126,231,89,0,validation
0.5374485,0.46255153,232,126,1,validation
0.01729716,0.98270285,233,130,0,validation
0.05092669,0.94907326,234,11,1,validation
0.023180248,0.9768198,235,63,2,validation
0.005046293,0.9949537,236,45,0,validation
0.9641301,0.035869874,237,160,0,validation
0.0057711476,0.99422884,238,116,0,validation
0.9906729,0.009327145,239,93,1,validation
0.9909972,0.009002752,240,93,2,validation
0.28234145,0.7176585,241,19,0,validation
0.005209192,0.9947908,242,35,3,validation
0.99040073,0.009599329,243,28,2,validation
0.0054155714,0.9945845,244,134,2,validation
0.008287208,0.9917128,245,1,2,validation
0.9778471,0.022152897,246,118,2,validation
0.28538367,0.7146163,247,113,1,validation
0.11013295,0.88986707,248,113,2,validation
0.7662446,0.23375548,249,51,1,validation
0.00575565,0.9942444,250,48,2,validation
0.0069283484,0.9930716,251,57,1,validation
0.01000696,0.98999304,252,129,2,validation
0.4964689,0.5035311,253,59,2,validation
0.62126505,0.37873498,254,123,2,validation
0.23111024,0.7688898,255,3,0,validation
0.05348168,0.94651836,256,138,0,validation
0.005885056,0.99411494,257,12,0,validation
0.9132077,0.08679229,258,103,2,validation
0.6643055,0.33569446,259,64,0,validation
0.0048337206,0.9951663,260,141,1,validation
0.9837442,0.016255869,261,47,1,validation
0.005244956,0.994755,262,136,1,validation
0.57509726,0.42490277,263,47,2,validation
0.005993926,0.99400604,264,154,1,validation
0.9556145,0.044385437,265,119,0,validation
0.9933803,0.006619706,266,39,2,validation
0.98909456,0.010905381,267,121,1,validation
0.0072576497,0.9927423,268,31,0,validation
0.05130808,0.9486919,269,46,1,validation
0.00583272,0.9941673,270,76,2,validation
0.99166065,0.008339367,271,89,1,validation
0.0057756584,0.99422437,272,31,1,validation
0.0068450966,0.9931549,273,115,0,validation
0.99220276,0.0077972226,274,39,1,validation
0.029685713,0.9703143,275,59,1,validation
0.014433263,0.98556674,276,65,1,validation
0.016626835,0.98337317,277,79,0,validation
0.9937435,0.006256503,278,100,2,validation
0.048073314,0.95192665,279,98,0,validation
0.0068116304,0.9931884,280,115,1,validation
0.0057038628,0.99429613,281,158,0,validation
0.9916625,0.008337553,282,130,1,validation
0.9930108,0.006989129,283,93,0,validation
0.1962376,0.80376244,284,40,1,validation
0.7914217,0.20857829,285,136,3,validation
0.48212737,0.51787263,286,72,0,validation
0.0057897,0.99421036,287,141,2,validation
0.6623999,0.33760017,288,70,2,validation
0.9847706,0.015229386,289,41,2,validation
0.0076191653,0.9923808,290,138,1,validation
0.7904278,0.20957217,291,95,2,validation
0.00597478,0.9940253,292,107,2,validation
0.007342295,0.9926577,293,155,2,validation
0.014691294,0.9853087,294,95,1,validation
0.972293,0.027706914,295,116,2,validation
0.0067005237,0.9932995,296,127,1,validation
0.006843826,0.99315614,297,94,2,validation
0.9914424,0.00855755,298,120,2,validation
0.98207206,0.017927952,299,111,2,validation
0.9671346,0.03286544,300,36,0,validation
0.9909253,0.00907465,301,58,0,validation
0.059477832,0.9405222,302,101,1,validation
0.9898399,0.010160159,303,111,1,validation
0.89521044,0.104789585,304,131,0,validation
0.99203473,0.007965219,305,159,0,validation
0.02288341,0.9771165,306,118,1,validation
0.963354,0.03664602,307,75,0,validation
0.99154234,0.008457603,308,147,2,validation
0.6172037,0.38279626,309,102,2,validation
0.0055914684,0.99440855,310,53,1,validation
0.9929692,0.0070308116,311,44,0,validation
0.038766336,0.9612336,312,63,3,validation
0.4626044,0.5373956,313,83,0,validation
0.005712748,0.9942873,314,74,2,validation
0.0047945506,0.9952055,315,37,0,validation
0.005587212,0.99441284,316,38,2,validation
0.019192548,0.9808075,317,114,2,validation
0.016109336,0.9838907,318,72,1,validation
0.010196679,0.9898033,319,132,2,validation
0.80373865,0.19626139,320,126,3,validation
0.99272364,0.007276402,321,41,0,validation
0.024831567,0.97516847,322,91,2,validation
0.017291173,0.9827088,323,135,2,validation
0.15231678,0.84768325,324,34,2,validation
0.7143668,0.28563318,325,123,1,validation
0.9438934,0.056106664,326,106,2,validation
0.9924138,0.0075861313,327,43,0,validation
0.07674814,0.9232518,328,119,2,validation
0.007189219,0.9928108,329,14,0,validation
0.02710107,0.97289896,330,152,0,validation
0.0060102805,0.9939897,331,20,3,validation
0.02020327,0.9797967,332,91,0,validation
0.07299078,0.92700917,333,27,1,validation
0.74939585,0.25060412,334,77,2,validation
0.13740058,0.8625994,335,60,1,validation
0.5361669,0.46383312,336,126,2,validation
0.17640668,0.8235934,337,51,2,validation
0.02958817,0.9704119,338,3,2,validation
0.005025655,0.9949744,339,11,0,validation
0.09704336,0.90295666,340,8,2,validation
0.0051328423,0.9948671,341,55,0,validation
0.006831162,0.99316883,342,46,0,validation
0.031351134,0.9686489,343,131,1,validation
0.1386604,0.8613396,344,112,1,validation
0.99306905,0.006930941,345,71,1,validation
0.028426772,0.97157323,346,30,2,validation
0.0071267346,0.9928733,347,16,1,validation
0.93390197,0.066098005,348,77,0,validation
0.99221635,0.0077836034,349,122,2,validation
0.005345532,0.9946544,350,141,0,validation
0.005923941,0.994076,351,57,2,validation
0.0066156555,0.9933843,352,13,0,validation
0.99202687,0.007973174,353,149,2,validation
0.028623486,0.9713765,354,127,2,validation
0.9035951,0.09640489,355,66,2,validation
0.006516193,0.99348384,356,90,2,validation
0.010163271,0.98983675,357,81,2,validation
0.035650987,0.96434903,358,136,0,validation
0.010862329,0.9891377,359,1,0,validation
0.90885717,0.09114281,360,82,1,validation
0.9911574,0.008842657,361,160,2,validation
0.9072364,0.09276364,362,32,1,validation
0.008190754,0.9918093,363,72,3,validation
0.033179156,0.9668208,364,140,2,validation
0.012685574,0.9873144,365,69,0,validation
0.0062125404,0.9937875,366,139,0,validation
0.008179651,0.99182034,367,55,1,validation
0.007817332,0.9921827,368,31,2,validation
0.6716475,0.3283525,369,94,0,validation
0.24993527,0.75006473,370,69,2,validation
0.94794863,0.052051377,371,19,2,validation
0.16359128,0.8364087,372,15,0,validation
0.9289737,0.071026385,373,10,0,validation
0.008641743,0.9913583,374,85,2,validation
0.9885395,0.011460475,375,105,0,validation
0.9609315,0.039068572,376,64,2,validation
0.9852254,0.014774596,377,147,1,validation
0.015977534,0.9840225,378,8,1,validation
0.8155277,0.18447235,379,128,1,validation
0.005828276,0.9941717,380,74,0,validation
0.96831894,0.031681024,381,83,2,validation
0.9889203,0.011079702,382,122,0,validation
0.77677757,0.22322245,383,92,2,validation
0.97999716,0.020002838,384,52,2,validation
0.014266314,0.9857336,385,140,0,validation
0.99126875,0.008731259,386,44,2,validation
0.0054552136,0.99454474,387,20,0,validation
0.9938433,0.006156726,388,43,2,validation
0.9926723,0.007327705,389,41,1,validation
0.011115292,0.9888847,390,157,1,validation
0.98933244,0.010667547,391,2,1,validation
0.008313824,0.99168617,392,104,3,validation
0.024333986,0.97566605,393,153,0,validation
0.005328643,0.9946714,394,20,2,validation
0.29466286,0.7053371,395,96,2,validation
0.007310522,0.99268943,396,4,1,validation
0.005351422,0.9946485,397,50,2,validation
0.006760495,0.9932395,398,12,2,validation
0.8938963,0.106103666,399,122,1,validation
0.9910124,0.008987543,400,151,2,validation
0.18145168,0.81854826,401,133,0,validation
0.019003617,0.9809964,402,69,3,validation
0.99265915,0.0073408736,403,89,2,validation
0.11824664,0.8817533,404,143,1,validation
0.019464059,0.980536,405,142,0,validation
0.007959205,0.9920408,406,108,1,validation
0.0060514933,0.99394846,407,75,3,validation
0.9722897,0.02771028,408,67,0,validation
0.99263656,0.0073634624,409,68,2,validation
0.017856177,0.9821438,410,95,0,validation
0.008851019,0.99114895,411,150,2,validation
0.006143496,0.9938565,412,80,2,validation
0.017836088,0.9821639,413,161,1,validation
0.99379,0.0062100175,414,151,0,validation
0.0049514244,0.9950486,415,97,2,validation
0.83875996,0.16124,416,112,2,validation
0.004774325,0.99522567,417,86,1,validation
0.0062848167,0.9937152,418,65,0,validation
0.9890954,0.010904564,419,52,1,validation
0.0055306805,0.9944693,420,13,2,validation
0.09139333,0.90860665,421,70,0,validation
0.0050463355,0.9949537,422,129,1,validation
0.009155082,0.9908449,423,61,2,validation
0.9906499,0.009350115,424,99,2,validation
0.9926212,0.0073788418,425,83,1,validation
0.0066726375,0.9933274,426,34,0,validation
0.024060998,0.97593904,427,17,0,validation
0.007239539,0.9927604,428,125,2,validation
0.072925024,0.92707497,429,0,1,validation
0.0406973,0.95930266,430,145,2,validation
0.99191624,0.008083687,431,159,1,validation
0.17771375,0.8222863,432,15,2,validation
0.04192516,0.9580748,433,135,1,validation
0.005072285,0.99492776,434,25,2,validation
0.99241877,0.007581237,435,66,1,validation
0.030012451,0.9699875,436,10,2,validation
0.006476691,0.99352324,437,138,2,validation
0.008646932,0.9913531,438,84,2,validation
0.0057246797,0.9942753,439,137,2,validation
0.9789756,0.021024417,440,118,0,validation
0.54991704,0.45008296,441,29,1,validation
0.69579816,0.3042018,442,109,0,validation
0.9916808,0.008319251,443,156,1,validation
0.005447334,0.9945527,444,16,2,validation
0.9868138,0.013186151,445,111,0,validation
0.007784447,0.9922156,446,84,3,validation
0.02026654,0.97973347,447,77,1,validation
0.00546352,0.9945365,448,4,0,validation
0.48442733,0.5155726,449,101,2,validation
0.9911775,0.008822427,450,28,1,validation
0.00579372,0.9942063,451,125,0,validation
0.98908,0.010919984,452,87,2,validation
0.019242233,0.98075783,453,53,3,validation
0.274277,0.72572297,454,105,1,validation
0.02115213,0.9788479,455,162,2,validation
0.9934726,0.0065274485,456,43,1,validation
0.0063559376,0.993644,457,98,2,validation
0.0061417497,0.9938583,458,158,2,validation
0.9912601,0.008739942,459,103,0,validation
0.9920813,0.007918648,460,78,0,validation
0.012099885,0.98790014,461,17,1,validation
0.9818942,0.0181058,462,117,0,validation
0.03193971,0.96806026,463,16,0,validation
0.109183826,0.89081615,464,161,2,validation
0.97897947,0.02102047,465,56,1,validation
0.9555464,0.04445365,466,143,2,validation
0.016525712,0.9834743,467,61,1,validation
0.9911157,0.008884354,468,163,2,validation
0.98857224,0.011427709,469,149,1,validation
0.011439662,0.9885604,470,60,2,validation
0.018275307,0.98172474,471,54,2,validation
0.0068986486,0.99310136,472,18,2,validation
0.013771771,0.9862282,473,15,1,validation
0.0075041144,0.9924959,474,110,2,validation
0.02947027,0.97052974,475,75,2,validation
0.0065579023,0.99344206,476,81,0,validation
0.08231282,0.9176872,477,6,1,validation
0.021789057,0.978211,478,101,0,validation
0.25931677,0.74068326,479,148,1,validation
0.9877017,0.012298314,480,52,0,validation
0.007493149,0.9925068,481,88,2,validation
0.7615575,0.23844251,482,143,0,validation
0.9875866,0.012413446,483,62,0,validation
0.014627143,0.98537284,484,124,1,validation
0.005277868,0.9947221,485,94,1,validation
0.9748882,0.02511182,486,133,1,validation
0.011147314,0.9888526,487,110,1,validation
0.3328933,0.6671067,488,82,2,validation
0.98799616,0.012003856,489,99,1,validation
0.0055167037,0.9944833,490,48,1,validation
0.5064797,0.49352035,491,42,0,validation
0.037432462,0.96256757,492,49,0,validation
0.008041304,0.99195874,493,115,2,validation
0.073283575,0.9267164,494,32,0,validation
0.9911464,0.008853638,495,120,0,validation
0.9889209,0.011079076,496,28,0,validation
0.3383901,0.6616099,497,148,0,validation
0.9792519,0.020748058,498,106,0,validation
0.009124689,0.99087536,499,69,1,validation
0.0077904672,0.99220955,500,150,1,validation
0.99118114,0.008818876,501,39,0,validation
0.0052196155,0.99478036,502,164,2,validation
0.25920558,0.7407944,503,6,0,validation
0.008822035,0.991178,504,61,0,validation
0.0119812,0.9880189,505,22,2,validation
0.025331106,0.9746689,506,34,1,validation
0.0050845705,0.9949155,507,86,2,validation
0.0091655385,0.9908345,508,112,0,validation
0.072150506,0.9278495,509,140,1,validation
0.0050035664,0.9949964,510,33,0,validation
